chr1	110217345	110229640	110217356	110229604	+	CD274	NM_001267747		110217345,110218319,110224511,110227154,110228424,110229581,	110217408,110218661,110224799,110227262,110228484,110229640,	programmed cell death 1 ligand 1 precursor
chr1	156301062	156615157	156301116	156613654	+	PALM2AKAP2	NM_001205006		156301062,156462005,156539496,156552840,156594668,156596008,156602446,156612914,	156301121,156462051,156539577,156552971,156594783,156596030,156602548,156615157,	paralemmin-2
chr1	156301062	156828660	156301116	156824674	+	PALM2AKAP2	NM_001371508		156301062,156462005,156539496,156552840,156594668,156596008,156602446,156675505,156792788,156812068,156818036,156824575,	156301121,156462051,156539577,156552971,156594783,156596030,156602548,156675591,156795204,156812247,156818075,156828660,	
chr1	156704319	156828660	156704420	156824674	+	PALM2AKAP2	NM_001204128		156704319,156792788,156812068,156818036,156824575,	156704555,156795204,156812247,156818075,156828660,	A-kinase anchor protein 2
chr1	156704418	156828657	156704420	156824674	+	PALM2AKAP2	NM_001371507		156704418,156792788,156812068,156824575,	156704555,156795204,156812247,156828657,	
chr1	158247775	158266658	158247830	158265541	+	DNAJC25	NM_001204974		158247775,158260914,158263198,158265418,	158248166,158261067,158263669,158266658,	dnaJ homolog subfamily C member 25 precursor
chr1	158275447	158283253	158275508	158280000	+	GNG10	NM_001204975		158275447,158279874,158282277,	158275589,158280006,158283253,	guanine nucleotide-binding protein G(I)/G(S)/G(O) subunit gamma-10
chr1	168135586	168156347	168136595	168156338	-	GGTA1	NM_001267732		168135586,168141097,168148841,168149983,168152036,168156258,	168137289,168141235,168148958,168150049,168152072,168156347,	N-acetyllactosaminide alpha-1,3-galactosyltransferase
chr1	187894951	187899147	187894999	187899074	+	CYP2D19	NM_001204438		187894951,187895838,187896537,187896778,187897397,187897728,187898083,187898656,187898895,	187895179,187896010,187896690,187896939,187897574,187897870,187898271,187898798,187899147,	cytochrome P450 2D19
chr1	199888449	199891192	199888641	199891131	-	SELENOM	NM_001199931		199888449,199888879,199889312,199889562,199891005,	199888800,199888958,199889347,199889598,199891192,	selenoprotein M precursor
chr1	208132971	208138066	208132971	208138066	+	APOBEC3A	NM_001301845		208132971,208134433,208137255,208137950,	208133000,208134590,208137544,208138066,	DNA dC->dU-editing enzyme APOBEC-3A
chr1	208221757	208230075	208221757	208230075	+	APOBEC3G	NM_001267742		208221757,208223755,208224268,208227285,208229302,208229959,	208221916,208224047,208224380,208227439,208229591,208230075,	DNA dC->dU-editing enzyme APOBEC-3G
chr1	213185679	213249429	213185679	213249429	+	ARHGAP8	NM_001204391		213185679,213197018,213204098,213211765,213220452,213224070,213234956,213239282,213240065,213246648,213249108,	213185758,213197106,213204230,213211852,213220551,213224181,213235030,213239360,213240194,213246752,213249429,	rho GTPase-activating protein 8
chr1	217845494	217898808	217845494	217898808	+	SHANK3	NM_001267763		217845494,217845912,217847531,217849468,217849651,217849901,217851345,217851932,217853055,217862392,217865347,217866520,217871986,217872325,217873007,217873213,217874307,217878994,217882652,217883402,217887776,217898216,	217845557,217846116,217847603,217849577,217849803,217850069,217851462,217852010,217853122,217862666,217865541,217866634,217872062,217872408,217873132,217873346,217874388,217879018,217882783,217883487,217890030,217898808,	SH3 and multiple ankyrin repeat domains protein 3
chr10	9109383	9124568	9110508	9124364	-	OAZ2	NM_001289928		9109383,9110884,9111801,9112837,9124344,	9110639,9110970,9111977,9112995,9124568,	ornithine decarboxylase antizyme 2 isoform 1
chr10	9109383	9124568	9110508	9124364	-	OAZ2	NM_001301337		9109383,9110884,9111801,9112837,9124344,	9110639,9110970,9111977,9112992,9124568,	ornithine decarboxylase antizyme 2 isoform 2
chr10	9109383	9124568	9124568	9124568	-	OAZ2	NR_125741		9109383,9110884,9111801,9112837,9113849,9115109,9124344,	9110639,9110970,9111977,9112992,9113959,9115206,9124568,	
chr10	9109383	9124568	9124568	9124568	-	OAZ2	NR_125742		9109383,9110884,9111801,9112837,9113849,9115109,9124344,	9110639,9110970,9111977,9112995,9113959,9115157,9124568,	
chr10	9109383	9124568	9124568	9124568	-	OAZ2	NR_125743		9109383,9110884,9111801,9112837,9113849,9124344,	9110639,9110970,9111977,9112995,9113959,9124568,	
chr10	9109383	9124568	9124568	9124568	-	OAZ2	NR_125744		9109383,9110884,9111801,9124344,	9110639,9110970,9111977,9124568,	
chr10	18946531	18971054	18946531	18971054	-	SEMA7A	NM_001287480		18946531,18947196,18947443,18947771,18950764,18951059,18952014,18952800,18953557,18953812,18954089,18954457,18954991,18970888,	18946893,18947258,18947598,18947899,18950963,18951168,18952199,18952940,18953668,18953897,18954182,18954499,18955143,18971054,	semaphorin-7A precursor
chr10	19215779	19223631	19216127	19222769	-	CYP1A2	NM_001204434		19215779,19218851,19220018,19220398,19220941,19221938,19223610,	19216425,19218938,19220142,19220488,19221062,19222778,19223631,	cytochrome P450 1A2
chr10	35396012	35427354	35396012	35427354	-	CYP19A1	NM_001267762		35396012,35397524,35400192,35400823,35403653,35407479,35412641,35421898,35427209,	35396261,35397766,35400355,35400938,35403768,35407656,35412796,35422049,35427354,	aromatase
chr10	41238844	41245150	41239279	41245109	-	JMJD7	NM_001204228		41238844,41239466,41239853,41240156,41240717,41241092,41241422,41245045,	41239368,41239626,41239930,41240252,41240774,41241346,41241576,41245150,	jmjC domain-containing protein 7
chr10	51807120	51821396	51820775	51821216	+	ANG	NM_001270922		51807120,51820757,	51807703,51821396,	angiogenin precursor
chr10	51807150	51828474	51826732	51827176	+	RNASE4	NM_001270924		51807150,51826715,	51807703,51828474,	ribonuclease 4 precursor
chr10	51814609	51821396	51820775	51821216	+	ANG	NM_001270923		51814609,51820757,	51814710,51821396,	angiogenin precursor
chr10	51814609	51828474	51826732	51827176	+	RNASE4	NM_001270925		51814609,51826715,	51814710,51828474,	ribonuclease 4 precursor
chr10	55331469	55334880	55331728	55334844	-	GZMB	NM_001267748		55331469,55332563,55333029,55333625,55334789,	55331941,55332824,55333165,55333773,55334880,	granzyme B precursor
chr10	95429684	95494359	95429738	95494308	-	ESR2	NM_001267736		95429684,95437991,95452795,95463821,95467617,95475964,95490007,95493946,	95429793,95438166,95452932,95463960,95467917,95476081,95490180,95494359,	estrogen receptor beta
chr10	125298387	125309215	125307913	125308792	+	FAM181A	NM_001270909		125298387,125307826,	125298486,125309215,	protein FAM181A
chr11	15693932	15705316	15693960	15705154	+	CD3E	NM_001257220		15693932,15696687,15697813,15701632,15702078,15703392,15704131,15705097,	15694009,15696708,15697828,15701650,15702300,15703560,15704178,15705316,	T-cell surface glycoprotein CD3 epsilon chain precursor
chr11	16417545	16420971	16417689	16420908	-	RPS25	NM_001253774		16417545,16417685,16419999,16420581,16420905,	16417591,16417784,16420183,16420677,16420971,	40S ribosomal protein S25
chr11	66761659	66764810	66763118	66764508	+	ANAPC15	NM_001199361		66761659,66762904,66763113,66763776,66764162,66764460,	66761737,66762989,66763238,66763836,66764300,66764810,	anaphase-promoting complex subunit 15
chr11	66761659	66764810	66763118	66764508	+	ANAPC15	NM_001282059		66761659,66763108,66763776,66764162,66764460,	66761737,66763238,66763836,66764300,66764810,	anaphase-promoting complex subunit 15
chr11	66761660	66764810	66763118	66764508	+	ANAPC15	NM_001282057		66761660,66762904,66763108,66763776,66764162,66764460,	66761737,66762989,66763238,66763836,66764300,66764810,	anaphase-promoting complex subunit 15
chr11	66762117	66764810	66763118	66764508	+	ANAPC15	NM_001282058		66762117,66762904,66763113,66763776,66764162,66764460,	66762172,66762989,66763238,66763836,66764300,66764810,	anaphase-promoting complex subunit 15
chr11	66765487	66785258	66765487	66768153	-	LRTOMT	NM_001282060		66765487,66766300,66767894,66769070,66770817,66785176,	66765808,66766497,66768169,66769150,66771370,66785258,	leucine rich transmembrane and O-methyltransferase domain containing
chr11	97731468	97771229	97731539	97770622	+	CAT	NM_001267733		97731468,97741613,97743206,97744295,97749994,97750675,97753633,97754267,97758967,97761831,97767217,97769840,97770556,	97731605,97741785,97743317,97744426,97750099,97750801,97753825,97754420,97759106,97761962,97767325,97769924,97771229,	catalase
chr11	113246858	113249292	113247218	113247822	+	SELENOH	NM_001199901		113246858,113247425,113247721,113248744,	113247340,113247571,113247832,113249292,	selenoprotein H
chr11	115529775	115536218	115529850	115536171	+	MS4A1	NM_001257245		115529775,115530455,115531739,115533641,115534652,115535958,	115530009,115530575,115531796,115533878,115534754,115536218,	B-lymphocyte antigen CD20
chr11	116195085	116206299	116195108	116206135	+	PGA	NM_001267767		116195085,116195489,116197920,116199287,116200069,116202467,116204555,116204793,116205985,	116195161,116195652,116198038,116199406,116200269,116202584,116204700,116204892,116206299,	pepsin A precursor
chr11	121031605	121033680	121032787	121033309	+	BANF1	NM_001253760		121031605,121032771,121033162,	121032107,121032910,121033680,	barrier-to-autointegration factor
chr11	121614172	121628418	121614172	121628418	+	CCS	NM_001185042		121614172,121614552,121620835,121621156,121622130,121627900,121628050,121628264,	121614211,121614625,121620973,121621334,121622191,121627978,121628154,121628418,	copper chaperone for superoxide dismutase
chr12	1243537	1246868	1243537	1246868	-	TPSG1	NM_001204310		1243537,1243945,1244359,1245166,1246276,1246822,	1243849,1244091,1244625,1245338,1246303,1246868,	tryptase gamma precursor
chr12	1854722	1867011	1854877	1866950	-	HAGH	NM_001267741		1854722,1855360,1861087,1861370,1862986,1863751,1866293,1866845,	1854977,1855440,1861189,1861474,1863095,1863869,1866358,1867011,	hydroxyacylglutathione hydrolase, mitochondrial
chr12	4216827	4224904	4216895	4224785	-	PAM16	NM_001347988		4216827,4217472,4217882,4219126,4224782,	4216979,4217538,4218019,4219211,4224904,	presequence translocase-associated motor 16 homolog
chr12	4228402	4290502	4229016	4290404	-	CORO7	NM_001347976		4228402,4229145,4230601,4231363,4231769,4232685,4232869,4233845,4234009,4234204,4234423,4234629,4235243,4235845,4237648,4237970,4238148,4238377,4238855,4260466,4261022,4267103,4275492,4280913,4281605,4286250,4287135,4290344,	4229022,4229232,4230693,4231499,4231886,4232775,4233011,4233931,4234114,4234347,4234510,4234738,4235419,4235972,4237786,4238063,4238294,4238435,4238910,4260549,4261109,4267154,4275569,4281097,4281676,4286325,4287232,4290502,	coronin-7
chr12	15461903	15462651	15461993	15462466	+	PRM2	NM_001257256		15461903,15462425,	15462267,15462651,	protamine-2
chr12	20030223	20044777	20030253	20044753	-	ZP2	NM_001267738		20030223,20030533,20031504,20032293,20032466,20034718,20035053,20035581,20035611,20035752,20036758,20037656,20037934,20039029,20039335,20040435,20043151,20043628,20044512,20044691,	20030396,20030626,20031588,20032390,20032602,20034908,20035178,20035611,20035670,20035940,20036885,20037838,20038031,20039191,20039380,20040588,20043246,20043712,20044601,20044777,	zona pellucida sperm-binding protein 2
chr12	25590630	25614558	25590652	25614527	+	IL4R	NM_001257232		25590630,25592565,25594994,25597932,25603913,25607242,25609967,25611485,25612951,	25590722,25592704,25595146,25598084,25604070,25607342,25610046,25611535,25614558,	interleukin-4 receptor subunit alpha precursor
chr12	26686633	26693769	26686646	26693767	-	CD19	NM_001267769		26686633,26686841,26687766,26687910,26688068,26688218,26688456,26688989,26689400,26690334,26692228,26692629,26693148,26693679,	26686738,26686934,26687823,26687967,26688137,26688323,26688570,26689078,26689449,26690445,26692507,26692833,26693418,26693769,	B-lymphocyte antigen CD19 precursor
chr12	28523536	28552751	28523603	28552683	+	ITGAX	NM_001267739		28523536,28525068,28525769,28526153,28526373,28528791,28529010,28529398,28530323,28531085,28531326,28531663,28531985,28532216,28539582,28539844,28540144,28540887,28541107,28541725,28546019,28546219,28546401,28550316,28550491,28550713,28550997,28551252,28551625,28552584,	28523640,28525174,28525873,28526224,28526485,28528922,28529156,28529552,28530474,28531159,28531456,28531806,28532126,28532426,28539713,28540008,28540299,28541019,28541181,28541867,28546136,28546299,28546485,28550395,28550599,28550797,28551111,28551354,28551736,28552751,	integrin alpha-X precursor
chr12	39145310	39160288	39145829	39160252	-	RGR	NM_001270913		39145310,39146459,39151021,39152487,39156594,39157616,39160173,	39145961,39146573,39151139,39152641,39156716,39157773,39160288,	RPE-retinal G protein-coupled receptor
chr12	56892236	56895172	56892242	56895163	+	PRF1	NM_001257251		56892236,56894034,	56892781,56895172,	perforin-1 precursor
chr12	68066111	68082097	68081886	68082027	+	MRLN	NM_001306221		68066111,68080506,68081866,	68066213,68080612,68082097,	myoregulin
chr12	75259901	75263284	75260736	75263104	-	DKK1	NM_001260481		75259901,75261106,75262460,75262861,	75260990,75261247,75262623,75263284,	dickkopf-related protein 1 precursor
chr12	78965314	78990807	78965314	78990469	+	FAS	NM_001267773		78965314,78977997,78983173,78984632,78986253,78986464,78987734,78989058,78990143,	78965344,78978160,78983311,78984741,78986315,78986524,78987802,78989083,78990807,	tumor necrosis factor receptor superfamily member 6 precursor
chr12	85118978	85151325	85118978	85151325	-	CYP2C8	NM_001204437		85118978,85121294,85124682,85127636,85145580,85147037,85149438,85149782,85151157,	85119160,85121436,85124870,85127778,85145757,85147198,85149588,85149945,85151325,	cytochrome P450 2C8 precursor
chr12	87617662	87626786	87617700	87625879	+	PGAM1	NM_001253767		87617662,87623393,87624288,87625709,	87617839,87623668,87624469,87626786,	phosphoglycerate mutase 1
chr12	93195660	93204142	93195660	93204136	-	CYP17A1	NM_001267768		93195660,93196451,93198621,93199090,93200154,93201480,93201973,93203839,	93195944,93196552,93198791,93199306,93200241,93201710,93202112,93204142,	steroid 17-alpha-hydroxylase/17,20 lyase precursor
chr13	15846230	15860665	15847013	15859918	-	CCAR2	NM_001270910		15846230,15847327,15847663,15847952,15848200,15848749,15848964,15849945,15850280,15850596,15851173,15851644,15851832,15853290,15858159,15858436,15858737,15859063,15859539,15859860,15860273,	15847058,15847533,15847852,15848064,15848347,15848832,15849109,15850182,15850511,15850768,15851337,15851758,15852055,15853410,15858256,15858566,15858852,15859155,15859631,15859955,15860665,	cell cycle and apoptosis regulator protein 2
chr13	28786072	28845122	28786152	28845031	-	GSR	NM_001185045		28786072,28789718,28790884,28793602,28797742,28802119,28806723,28810416,28813771,28818000,28819755,28823503,28844725,	28786302,28789852,28791016,28793714,28797901,28802206,28806823,28810471,28813919,28818070,28819844,28823530,28845122,	glutathione reductase, mitochondrial
chr13	70866520	70873386	70866537	70873369	+	TTR	NM_001267750		70866520,70867542,70869802,70873261,	70866606,70867664,70869938,70873386,	transthyretin precursor
chr13	112929024	112929158	112929158	112929158	-	LOC110006321	NR_146326		112929024,	112929158,	
chr14	42645395	42715018	42645786	42712928	+	PPP3R1	NM_001270720		42645395,42679822,42705280,42706633,42707625,42712880,	42645789,42679862,42705457,42706693,42707810,42715018,	calcineurin subunit B type 1
chr14	42719020	42735786	42719430	42735766	-	PNO1	NM_001270721		42719020,42720785,42730565,42731211,42731759,42735194,42735571,	42719498,42720856,42730683,42731272,42731843,42735344,42735786,	RNA-binding protein PNO1
chr14	42736149	42766085	42736266	42765303	+	WDR92	NM_001270719		42736149,42745726,42748878,42755105,42757763,42758836,42761471,42765095,	42736449,42745827,42749009,42755207,42757879,42758971,42761569,42766085,	WD repeat-containing protein 92
chr14	57554357	57661964	57586362	57661466	+	ASB3	NM_001205041		57554357,57586349,57600245,57622302,57623029,57633727,57635882,57640057,57646569,57661278,	57554548,57586558,57600404,57622415,57623165,57633905,57636080,57640315,57646703,57661964,	ankyrin repeat and SOCS box protein 3
chr14	62369734	62570182	62369734	62570182	+	FSHR	NM_001243140		62369734,62456035,62511384,62513879,62544306,62545862,62551025,62551203,62564050,62568952,	62369886,62456107,62511459,62513954,62544378,62545940,62551094,62551278,62564236,62570182,	follicle-stimulating hormone receptor precursor
chr14	62784909	62846686	62784909	62846640	+	LHCGR	NM_001301843		62784909,62803294,62805363,62808733,62810732,62810895,62820878,62826041,62830178,62845487,	62785082,62803366,62805438,62808808,62810807,62810973,62820947,62826116,62830364,62846686,	lutropin-choriogonadotropic hormone receptor precursor
chr14	62854304	62925887	62854470	62925810	-	GTF2A1L	NM_001204841		62854304,62861821,62863563,62894288,62895879,62898530,62922156,62922479,62925789,	62854578,62861911,62863824,62894878,62895964,62898586,62922280,62922581,62925887,	TFIIA-alpha and beta-like factor
chr14	62944092	62963070	62947282	62963023	-	STON1	NM_001204840		62944092,62951654,62961093,	62947357,62951857,62963070,	stonin-1
chr14	108255660	108265040	108255753	108264494	+	RNASEH1	NM_001285495		108255660,108257116,108258879,108260568,108261669,108262055,108262653,108264407,	108255881,108257232,108259044,108260668,108261724,108262140,108262778,108265040,	ribonuclease H1 isoform 1
chr14	108255660	108265041	108255753	108264494	+	RNASEH1	NM_001285492		108255660,108257116,108258879,108260568,108261669,108262055,108262641,108264407,	108255881,108257232,108259044,108260668,108261724,108262140,108262778,108265041,	ribonuclease H1 isoform 2
chr14	108255660	108265041	108265041	108265041	+	RNASEH1	NR_104352		108255660,108257116,108258879,108260568,108261669,108262059,108262653,108264407,	108255881,108257232,108259044,108260668,108261724,108262140,108262778,108265041,	
chr15	23394732	23395800	23394732	23395800	-	CCR1	NM_001185041		23394732,	23395800,	C-C chemokine receptor type 1
chr15	23543734	23544793	23543734	23544793	+	CCR5	NM_001257216		23543734,	23544793,	C-C chemokine receptor type 5
chr15	30864314	30871036	30864647	30870864	-	SELENOK	NM_001199915		30864314,30864912,30865629,30867210,30870845,	30864651,30864999,30865713,30867301,30871036,	selenoprotein K
chr15	54709207	54746263	54709231	54742016	-	IL5RA	NM_001257236		54709207,54713415,54714875,54729702,54732879,54735093,54735360,54738763,54739744,54741934,54746246,	54709318,54713500,54714972,54729841,54733025,54735281,54735514,54738902,54739890,54742019,54746263,	interleukin-5 receptor subunit alpha precursor
chr15	75328371	75396303	75328575	75396219	-	CD86	NM_001257222		75328371,75335580,75336503,75339593,75342461,75345108,75357077,75396205,	75328580,75335660,75336549,75339743,75342764,75345444,75357127,75396303,	T-lymphocyte activation antigen CD86
chr15	77798280	77824441	77798308	77822264	+	CD80	NM_001257221		77798280,77810981,77813992,77820415,77822193,77824399,	77798387,77811299,77814277,77820511,77822305,77824441,	T-lymphocyte activation antigen CD80 precursor
chr16	92394358	92432589	92415605	92430324	+	AZIN1	NM_001291456		92394358,92400134,92409046,92415510,92418770,92419821,92423138,92424683,92425164,92426337,92429032,92429471,92430212,	92394738,92400272,92409192,92415707,92418944,92419994,92423273,92424765,92425239,92426500,92429148,92429686,92432589,	antizyme inhibitor 1
chr16	92394358	92432589	92415605	92430324	+	AZIN1	NM_001291457		92394358,92400134,92415510,92418770,92419821,92423138,92424683,92425164,92426337,92429032,92429471,92430212,	92394738,92400272,92415707,92418944,92419994,92423273,92424765,92425239,92426500,92429148,92429686,92432589,	antizyme inhibitor 1
chr17	7732902	7736139	7732902	7736139	+	GHSR	NM_001257223		7732902,7735834,	7733698,7736139,	growth hormone secretagogue receptor type 1
chr17	10422650	10423104	10423104	10423104	+	TERC	NR_033817		10422650,	10423104,	
chr17	27825922	27845364	27827066	27845278	-	SELENOT	NM_001199929		27825922,27827037,27828927,27830899,27831571,27845141,	27826529,27827191,27829015,27831026,27831682,27845364,	selenoprotein T precursor
chr17	46011501	46013444	46011798	46013347	-	NUDT16	NM_001359386		46011501,46012841,46013209,	46011978,46013111,46013444,	U8 snoRNA-decapping enzyme
chr17	46027152	46029729	46028107	46029712	-	LOC100406671	NM_001359385		46027152,46029202,46029574,	46028287,46029472,46029729,	U8 snoRNA-decapping enzyme-like
chr17	48609018	48626158	48609248	48625953	-	DAZL	NM_001185043		48609018,48612563,48614261,48615128,48615908,48617445,48617669,48618167,48618769,48619175,48625950,	48609302,48612665,48614375,48615179,48615980,48617585,48617733,48618219,48618861,48619322,48626158,	deleted in azoospermia-like
chr17	74189952	74213154	74189952	74213154	+	TFRC	NM_001301847		74189952,74192080,74193159,74195667,74196641,74198535,74199791,74200251,74201922,74203066,74204503,74204794,74207418,74208586,74208851,74210929,74212113,74212911,	74189988,74192282,74193355,74195817,74196744,74198649,74199890,74200391,74202080,74203186,74204589,74204858,74207486,74208645,74208933,74211151,74212254,74213154,	transferrin receptor protein 1
chr18	1316507	1322532	1316790	1322493	-	LOC100399755	NM_001267759		1316507,1317958,1321983,	1317212,1318169,1322532,	gonadotropin-releasing hormone II receptor
chr18	5208903	5212061	5208966	5211952	+	OAZ3	NM_001290218		5208903,5209418,5210271,5210912,5211809,	5209133,5209555,5210447,5210998,5212061,	ornithine decarboxylase antizyme 3
chr18	8377652	8438415	8377658	8438413	+	IL6R	NM_001267756		8377652,8405089,8406644,8411225,8411694,8412648,8425664,8427414,8430283,8438166,	8377743,8405338,8406768,8411407,8411861,8412790,8425711,8427484,8430377,8438415,	interleukin-6 receptor subunit alpha precursor
chr18	12928162	12933852	12928182	12933621	+	FCER1A	NM_001267729		12928162,12928663,12929731,12931705,12933436,	12928237,12928684,12929986,12931963,12933852,	high affinity immunoglobulin epsilon receptor subunit alpha precursor
chr18	13484824	13487382	13484937	13487382	-	SLAMF9	NM_001302667		13484824,13485502,13486561,13487336,	13485101,13485775,13486903,13487382,	SLAM family member 9 precursor
chr19	17153350	17162805	17153350	17162805	+	AGT	NM_001185037		17153350,17159791,17161647,17162616,	17154209,17160059,17161792,17162805,	angiotensinogen precursor
chr19	25552168	25564377	25553410	25560633	-	TNNI1	NM_001243071		25552168,25553408,25554407,25556076,25557365,25558052,25560618,25564270,	25552337,25553518,25554584,25556166,25557497,25558094,25560652,25564377,	troponin I, slow skeletal muscle
chr19	32380067	32403961	32380067	32403961	-	CD34	NM_001267735		32380067,32381008,32381476,32381781,32389947,32391720,32392537,32403882,	32380253,32381173,32381529,32381938,32390028,32391974,32392723,32403961,	hematopoietic progenitor cell antigen CD34 precursor
chr19	44822291	44830318	44822430	44830300	+	ZP4	NM_001267734		44822291,44822876,44823083,44824149,44825102,44825785,44826766,44827063,44827322,44827792,44829869,44830172,	44822605,44822998,44823186,44824302,44825290,44825883,44826897,44827253,44827473,44827871,44829977,44830318,	zona pellucida sperm-binding protein 4 precursor
chr2	12176200	12200522	12176271	12200435	+	CYP3A4	NM_001204440		12176200,12181848,12183081,12185246,12188276,12188654,12190028,12191280,12192483,12194776,12196352,12197901,12200339,	12176342,12181942,12183134,12185346,12188390,12188743,12190177,12191408,12192550,12194937,12196579,12198064,12200522,	cytochrome P450 3A21
chr2	12210557	12249064	12210557	12249064	+	CYP3A5	NM_001204442		12210557,12214246,12220853,12222721,12235551,12235928,12237290,12238480,12239721,12241774,12243946,12247131,12248968,	12210628,12214340,12220906,12222821,12235665,12236017,12237439,12238608,12239788,12241935,12244173,12247294,12249064,	cytochrome P450 3A5
chr2	12259746	12294500	12259746	12294500	+	CYP3A90	NM_001204443		12259746,12263430,12273743,12275614,12281256,12281630,12282986,12284200,12285417,12287476,12289467,12292595,12294404,	12259817,12263524,12273796,12275714,12281370,12281719,12283135,12284328,12285484,12287637,12289694,12292758,12294500,	cytochrome P450, family 3, subfamily A, polypeptide
chr2	36009017	36050295	36026249	36048006	+	MATR3	NM_001205240		36009017,36026072,36033779,36034787,36035154,36036157,36036706,36038037,36038458,36040108,36040715,36040861,36043366,36044092,36047955,	36009179,36027161,36033841,36034829,36035267,36036210,36036832,36038163,36038626,36040240,36040759,36041231,36043589,36044214,36050295,	matrin-3
chr2	37102377	37223930	37102490	37223495	+	ANKHD1	NM_001204919		37102377,37130168,37134463,37136384,37137244,37140080,37143528,37146989,37147498,37152981,37170671,37173789,37174264,37175619,37186339,37194146,37194450,37195045,37196119,37197079,37198850,37199227,37202022,37202581,37208473,37210323,37211253,37212199,37212519,37219487,37221211,37221898,37222992,37223435,	37102778,37130322,37134620,37136532,37137392,37140314,37143623,37147227,37147690,37153091,37170759,37173917,37174408,37175722,37187098,37194292,37194562,37195191,37196262,37197293,37199026,37199390,37202118,37202698,37208645,37210771,37211400,37212349,37214129,37219664,37221412,37222074,37223157,37223930,	ankyrin repeat and KH domain-containing protein 1
chr2	37231193	37232968	37231252	37232761	+	EIF4EBP3	NM_001205007		37231193,37232399,37232732,	37231355,37232570,37232968,	eukaryotic translation initiation factor 4E-binding protein 3
chr2	40060994	40177855	40061017	40177840	-	NR3C1	NM_001257250		40060994,40061726,40073828,40076935,40078691,40090895,40095534,40176656,	40061170,40061884,40073959,40077080,40078970,40091012,40095701,40177855,	glucocorticoid receptor
chr2	74083358	74091682	74083368	74091612	-	IL4	NM_001257228		74083358,74085859,74091157,74091477,	74083464,74086036,74091205,74091682,	interleukin-4 precursor
chr2	74103435	74106290	74104222	74106241	-	IL13	NM_001267754		74103435,74104675,74105030,74106109,	74104330,74104780,74105084,74106290,	interleukin-13 precursor
chr2	74229280	74231254	74229280	74231254	+	IL5	NM_001257233		74229280,74229626,74230921,74231155,	74229424,74229659,74231050,74231254,	interleukin-5 precursor
chr2	92615688	92628099	92615922	92625095	+	TMED7	NM_001204342		92615688,92620919,92624858,	92616114,92621165,92628099,	transmembrane emp24 domain-containing protein 7 precursor
chr2	92656975	92657680	92656975	92657680	+	TICAM2	NM_001204343		92656975,	92657680,	TIR domain-containing adapter molecule 2
chr2	125882866	126119749	125882866	126119749	-	XRCC4	NM_001267765		125882866,125983870,126033783,126034961,126041202,126113190,126119610,	125882978,125984018,126033890,126035117,126041369,126113366,126119749,	DNA repair protein XRCC4
chr2	152264861	152310819	152271681	152310817	+	IL6ST	NM_001267766		152264861,152271666,152276728,152278536,152283176,152283903,152286698,152289494,152290817,152292076,152295089,152295365,152295832,152304949,152309162,152310088,	152264891,152271745,152277034,152278657,152283343,152284058,152286858,152289577,152291028,152292259,152295191,152295512,152295973,152305046,152309244,152310819,	interleukin-6 receptor subunit beta precursor
chr2	161079176	161087684	161079917	161086835	+	SELENOP	NM_001199928		161079176,161079904,161081176,161083103,161086223,	161079261,161080120,161081389,161083221,161087684,	selenoprotein P precursor
chr2	168898580	168915711	168898614	168915648	+	PRLR	NM_001267737		168898580,168901536,168903091,168908394,168910477,168912172,168912765,168914634,	168898684,168901669,168903261,168908564,168910619,168912272,168912835,168915711,	prolactin receptor precursor
chr20	24979848	25159588	25005583	25157853	+	WWP2	NM_001319872		24979848,25005568,25013322,25013811,25057490,25059428,25091394,25107133,25127175,25127229,25135611,25142616,25146715,25147382,25149021,25149377,25149678,25151820,25153720,25154180,25154983,25155552,25157138,25157452,25157753,	24979926,25005653,25013470,25013933,25057628,25059525,25091522,25107344,25127225,25127255,25135787,25142671,25146797,25147511,25149097,25149449,25149767,25151980,25153854,25154321,25155104,25155657,25157235,25157525,25159588,	NEDD4-like E3 ubiquitin-protein ligase WWP2
chr20	28092946	28107488	28104176	28107209	+	TLE7	NM_001370854		28092946,28104047,28104567,28104736,28105135,28105453,28105895,28106183,28106720,28107104,	28093035,28104454,28104590,28104792,28105351,28105695,28106037,28106337,28106794,28107488,	
chr22	1872854	1876937	1872966	1876558	+	OAZ1	NM_001289597		1872854,1874519,1874955,1876178,1876424,	1873112,1874665,1875128,1876264,1876937,	ornithine decarboxylase antizyme 1
chr22	2410174	2427685	2410314	2426330	+	ZNF555	NM_001270914		2410174,2421907,2423627,2424772,	2410317,2422034,2423811,2427685,	zinc finger protein 555
chr22	3455718	3464775	3456216	3464692	-	EEF2	NM_001185044		3455718,3456785,3456995,3457385,3458575,3459121,3459733,3460072,3460538,3461137,3461490,3462065,3462364,3463470,3464689,	3456410,3456918,3457178,3457739,3458683,3459380,3459929,3460211,3460652,3461243,3461669,3462277,3462546,3463685,3464775,	elongation factor 2
chr22	7037325	7042180	7037325	7042180	-	LOC100386005	NM_001267770		7037325,7038999,7039835,7040417,7041141,7041947,7042134,	7037526,7039112,7039987,7040501,7041225,7042034,7042180,	CD209 antigen-like protein 2-like
chr22	9029712	9034454	9029896	9034335	+	PPAN	NM_001204432		9029712,9030002,9031120,9031421,9031574,9032848,9033124,9033334,9033535,9033679,9033891,9034126,	9029914,9030173,9031222,9031472,9031745,9032925,9033232,9033458,9033614,9033809,9034049,9034454,	suppressor of SWI4 1 homolog
chr22	9034687	9038229	9034888	9037607	+	P2RY11	NM_001204433		9034687,9036513,	9034907,9038229,	P2Y purinoceptor 11
chr22	14538563	14545509	14538581	14544449	+	FAM32A	NM_001253785		14538563,14538772,14544014,14544380,	14538655,14538914,14544068,14545509,	protein FAM32A
chr22	17555429	17581628	17555652	17560056	-	MEF2B	NM_001205200		17555429,17556158,17556438,17556625,17556905,17557559,17558882,17560002,17581543,	17555878,17556270,17556532,17556759,17557053,17557694,17559086,17560085,17581628,	myocyte-specific enhancer factor 2B
chr22	32886748	32906953	32894197	32905842	+	ZNF607	NM_001270915		32886748,32894124,32895719,32897287,32903986,	32887291,32894206,32895846,32897386,32906953,	zinc finger protein 607
chr22	32921573	32937825	32921650	32935604	+	ZFP30	NM_001270916		32921573,32924676,32926065,32934282,	32921659,32924803,32926164,32937825,	zinc finger protein 30 homolog
chr22	32969755	33004597	32986661	33003917	+	ZNF571	NM_001270917		32969755,32986583,32988957,33002223,	32969787,32986670,32989084,33004597,	zinc finger protein 571
chr22	33037446	33049760	33037477	33044343	+	ZNF793	NM_001270918		33037446,33039104,33040036,33043360,	33037492,33039231,33040132,33049760,	zinc finger protein 793
chr22	33091872	33158793	33106556	33157340	+	ZNF569	NM_001270919		33091872,33093786,33106511,33145561,33145973,33155517,	33092215,33093947,33106571,33145688,33146069,33158793,	zinc finger protein 569
chr22	33283844	33302880	33285683	33299070	+	ZNF585B	NM_001270920		33283844,33285543,33293542,33293953,33297052,	33283953,33285755,33293669,33294046,33302880,	zinc finger protein 585B
chr22	33317852	33337593	33317989	33336674	+	ZNF585A	NM_001270921		33317852,33331956,33332343,33334656,	33318070,33332083,33332436,33337593,	zinc finger protein 585A
chr22	41588094	41596288	41588230	41590773	+	SELENOW	NM_001199908		41588094,41590151,41590295,41590491,41590692,41595916,	41588259,41590176,41590349,41590566,41590791,41596288,	selenoprotein W
chr22	41588094	41596288	41588230	41590773	+	SELENOW	NM_001278377		41588094,41590151,41590295,41590491,41590692,41595892,	41588259,41590176,41590349,41590566,41590791,41596288,	selenoprotein W
chr22	42767842	42768923	42767842	42768923	-	LOC100391685	NM_001365025		42767842,42768383,42768908,	42768154,42768551,42768923,	choriogonadotropin subunit beta precursor
chr22	45215143	45222956	45215143	45222790	+	ZNF613	NM_001270935		45215143,45219536,45219940,45221318,	45215158,45219663,45220033,45222956,	zinc finger protein 613
chr22	45248077	45276413	45248153	45275861	+	ZNF616	NM_001270936		45248077,45259612,45273762,	45248168,45259739,45276413,	zinc finger protein 616
chr22	45294809	45314409	45297434	45313737	+	ZNF841	NM_001270937		45294809,45297357,45303971,45304871,45311239,	45294876,45297449,45304098,45305000,45314409,	zinc finger protein 841
chr22	46359748	46361350	46359748	46361350	+	ERVV-2	NM_001308066		46359748,	46361350,	endogenous retrovirus group V member 2 Env polyprotein precursor
chr22	49933495	49965208	49933880	49956219	+	ZNF264	NM_001270904		49933495,49937449,49949244,49954591,	49933913,49937576,49949340,49965208,	zinc finger protein 264
chr22	49980573	50002715	49980759	49995204	+	ZNF805	NM_001270905		49980573,49984398,49988746,49993573,	49980789,49984525,49988842,50002715,	zinc finger protein 805
chr22	50020280	50033564	50020593	50031669	+	ZNF460	NM_001270906		50020280,50023608,50030137,	50020623,50023735,50033564,	zinc finger protein 460
chr22	50052829	50066861	50053178	50065368	+	ZNF543	NM_001270907		50052829,50056909,50060668,50063821,	50053196,50057036,50060764,50066861,	zinc finger protein 543
chr3	4970425	5018286	4970425	5018286	+	ACSL1	NM_001257202		4970425,4986303,4991111,4994601,4997958,4998277,5001617,5001780,5002333,5004746,5006628,5008423,5009179,5010547,5012705,5013425,5015388,5017504,5017718,5018145,	4970620,4986418,4991176,4994703,4998058,4998456,5001650,5001832,5002407,5004824,5006763,5008558,5009275,5010620,5012794,5013542,5015532,5017606,5017790,5018286,	long-chain-fatty-acid--CoA ligase 1
chr3	42597256	42609250	42607599	42609138	+	TIGD4	NM_001270903		42597256,42607056,	42597539,42609250,	tigger transposable element-derived protein 4
chr3	47113280	47458804	47113280	47458799	+	NR3C2	NM_001267749		47113280,47286108,47352276,47393793,47396064,47425652,47431912,47458643,	47115034,47286260,47352393,47394144,47396209,47425783,47432070,47458804,	mineralocorticoid receptor
chr3	139850142	139879517	139850213	139876089	+	NMU	NM_001267744		139850142,139854811,139859359,139866922,139868665,139868785,139870976,139873016,139876053,139879331,	139850220,139854870,139859407,139866982,139868695,139868836,139871051,139873070,139876093,139879517,	neuromedin-U
chr3	140744967	140826995	140744967	140826995	-	KIT	NM_001185038		140744967,140746245,140746701,140746910,140750278,140751451,140752036,140753938,140755294,140755488,140755871,140756088,140757685,140760018,140773900,140776093,140781207,140785431,140786620,140789719,140826928,	140745096,140746351,140746801,140747022,140750401,140751579,140752128,140754089,140755405,140755593,140755998,140756195,140757867,140760133,140774016,140776283,140781376,140785568,140786902,140789989,140826995,	mast/stem cell growth factor receptor Kit precursor
chr3	141190470	141251475	141190733	141226150	-	PDGFRA	NM_001270588		141190470,141193615,141195404,141195622,141196975,141199125,141199595,141204506,141206460,141207258,141207767,141210508,141210860,141212111,141213310,141215175,141218175,141218456,141220848,141221978,141224458,141226101,141251288,	141190881,141193857,141195510,141195722,141197087,141199248,141199711,141204673,141206614,141207369,141207872,141210641,141210955,141212305,141213437,141215291,141218365,141218628,141220979,141222239,141224776,141226162,141251475,	platelet-derived growth factor receptor alpha precursor
chr3	141974572	142050702	141975063	142050521	-	FIP1L1	NM_001270926		141974572,141975697,141981221,141991053,141992455,141994570,142006561,142008757,142018870,142027796,142036029,142036387,142036891,142038206,142043885,142045394,142049097,142050436,	141975211,141975835,141981435,141991109,141992510,141994597,142006718,142008851,142018978,142027906,142036098,142036518,142036999,142038271,142043989,142045452,142049137,142050702,	pre-mRNA 3'-end-processing factor FIP1
chr3	188645395	188804083	188645395	188804083	-	HTT	NM_001267745		188645395,188646533,188646924,188649123,188649602,188649979,188652263,188655467,188657181,188657424,188659730,188661333,188661909,188662949,188665129,188667337,188671374,188672414,188673685,188674247,188676672,188677829,188679333,188679707,188680015,188682381,188686574,188697248,188698408,188698942,188703136,188704312,188706879,188710582,188713442,188713741,188715045,188715782,188724576,188728030,188731294,188733121,188734454,188736174,188737527,188739956,188743893,188744257,188746090,188747715,188747900,188748931,188749310,188750255,188750632,188753068,188755007,188756762,188758266,188763295,188764117,188772709,188774727,188776576,188780879,188792367,188803850,	188645609,188646694,188647087,188649229,188649816,188650094,188652454,188655623,188657311,188657555,188659813,188661473,188662064,188663050,188665256,188667525,188671473,188672592,188673831,188674461,188676795,188677968,188679410,188679884,188680195,188682523,188686782,188697391,188698644,188699065,188703253,188704449,188707028,188710638,188713604,188713820,188715269,188715860,188724687,188728158,188731421,188733324,188734606,188736251,188737648,188740103,188743994,188744321,188746230,188747808,188748064,188749069,188749422,188750374,188750756,188753409,188755088,188756810,188758471,188763474,188764259,188772848,188774807,188776636,188781000,188792451,188804083,	huntingtin
chr4	4256826	4274461	4256851	4274091	+	TDP2	NM_001253765		4256826,4257101,4264920,4266377,4269712,4271407,4273809,	4257016,4257187,4265094,4266469,4269831,4271578,4274461,	tyrosyl-DNA phosphodiesterase 2
chr4	17718938	17727600	17724761	17726378	+	ERVFRD-1	NM_001305096		17718938,17724442,	17719100,17727600,	syncytin-2 precursor
chr4	32207846	32223692	32207858	32223692	+	MOG	NM_001257243		32207846,32217851,32219655,32219921,32222806,32223220,32223678,	32207940,32217965,32219676,32219942,32222923,32223241,32223692,	myelin-oligodendrocyte glycoprotein isoform 2 precursor
chr4	32207846	32223692	32207858	32223692	+	MOG	NM_001257244		32207846,32210038,32219655,32219921,32222806,32223220,32223678,	32207940,32210386,32219676,32219942,32222923,32223241,32223692,	myelin-oligodendrocyte glycoprotein isoform 3 precursor
chr4	32207846	32223695	32207858	32223692	+	MOG	NM_001257242		32207846,32210038,32217851,32219655,32219921,32222806,32223220,32223678,	32207940,32210386,32217965,32219676,32219942,32222923,32223241,32223695,	myelin-oligodendrocyte glycoprotein isoform 1 precursor
chr4	33655427	33658882	33655451	33658266	+	CAJA-E	NM_001301848		33655427,33655643,33656156,33657046,33657446,33657969,33658106,33658261,	33655515,33655913,33656432,33657322,33657563,33658002,33658154,33658882,	patr class I histocompatibility antigen, alpha chain E precursor
chr4	34347510	34353747	34347510	34353747	-	POU5F1	NM_001265584		34347510,34347947,34348383,34348766,34353342,	34347777,34348106,34348514,34348887,34353747,	POU domain, class 5, transcription factor 1
chr4	35786289	35788191	35786419	35788191	+	TNF	NM_001257261		35786289,35787191,35787424,35787769,	35786602,35787237,35787472,35788191,	tumor necrosis factor
chr4	36627537	36632641	36627642	36631506	+	CAJA-DRA	NM_001270911		36627537,36630070,36630782,36631351,36632239,	36627724,36630316,36631064,36631517,36632641,	HLA class II histocompatibility antigen, DR alpha chain precursor
chr4	36749160	36823015	36749365	36822909	-	CAJA-DRB1	NM_001267752		36749160,36750157,36750952,36755548,36822809,	36749379,36750268,36751234,36755818,36823015,	HLA class II histocompatibility antigen, DRB1-13 beta chain-like precursor
chr4	36749365	36822909	36749365	36822909	-	LOC100387854	NM_001267731		36749365,36749664,36750157,36750952,36755548,36822809,	36749379,36749688,36750268,36751234,36755818,36822909,	h-2 class II histocompatibility antigen, I-A beta chain-like precursor
chr4	41658527	41667296	41663997	41665575	+	CDKN1A	NM_001270723		41658527,41663992,41665525,	41658642,41664424,41667296,	cyclin-dependent kinase inhibitor 1
chr4	89833982	89836411	89833982	89836411	-	CGA	NM_001267760		89833982,89834463,89836311,	89834060,89834648,89836411,	glycoprotein hormones alpha chain precursor
chr4	163221327	163232373	163221327	163232373	-	SOD2	NM_001267746		163221327,163224367,163227316,163232218,	163221473,163224547,163227433,163232373,	superoxide dismutase [Mn], mitochondrial
chr5	2184918	2212870	2188627	2212484	+	GSS	NM_001267743		2184918,2188619,2195842,2198711,2199086,2199916,2203783,2203965,2205763,2208900,2209592,2211729,2212360,	2184979,2188756,2195988,2198787,2199226,2200033,2203864,2204043,2205830,2209095,2209674,2211919,2212870,	glutathione synthetase
chr5	39265491	39275410	39265495	39275365	+	CD40	NM_001267730		39265491,39268935,39269349,39269737,39270249,39273109,39274483,39274668,39275215,	39265546,39269014,39269475,39269884,39270343,39273171,39274570,39274697,39275410,	tumor necrosis factor receptor superfamily member 5 precursor
chr5	43570054	43600123	43570395	43600079	-	UBE2V1	NM_001205089		43570054,43571723,43584364,43600057,	43570542,43571849,43584513,43600123,	ubiquitin-conjugating enzyme E2 variant 1
chr5	43609724	43639527	43611042	43639370	-	PEDS1	NM_001205088		43609724,43613561,43615065,43616363,43628634,43639249,43639308,	43611164,43613777,43615210,43616455,43628754,43639308,43639527,	transmembrane protein 189
chr5	72787542	72796301	72787621	72796209	+	TNFSF12	NM_001205139		72787542,72787980,72788598,72789573,72789716,72795638,72795957,	72787819,72788028,72788674,72789627,72789752,72795763,72796301,	tumor necrosis factor ligand superfamily member 12 isoform 2
chr5	72787542	72796301	72787621	72796209	+	TNFSF12	NM_001278383		72787542,72787977,72788598,72789573,72789716,72795638,72795957,	72787819,72788028,72788674,72789627,72789752,72795763,72796301,	tumor necrosis factor ligand superfamily member 12 isoform 1
chr5	72797151	72800457	72797876	72799684	+	TNFSF13	NM_001205140		72797151,72798461,72798683,72798870,72799206,72799574,	72798134,72798540,72798731,72798989,72799345,72800457,	tumor necrosis factor ligand superfamily member 13
chr5	72812721	72819536	72812857	72819027	+	EIF4A1	NM_001205137		72812721,72814277,72814577,72815134,72816525,72817047,72817884,72818108,72818366,72818704,72818882,	72812880,72814326,72814710,72815274,72816694,72817157,72818028,72818246,72818456,72818784,72819536,	eukaryotic initiation factor 4A-I
chr5	80972601	80994013	80972830	80985880	-	TVP23B	NM_001281866		80972601,80974171,80979100,80980421,80985832,80987105,80993960,	80972857,80974300,80979232,80980511,80985977,80987188,80994013,	Golgi apparatus membrane protein TVP23 homolog B isoform 2 precursor
chr5	80972601	80994187	80972830	80994023	-	TVP23B	NM_001281865		80972601,80974171,80979100,80980421,80985832,80987105,80994011,	80972857,80974300,80979232,80980511,80985977,80987188,80994187,	Golgi apparatus membrane protein TVP23 homolog B isoform 1
chr5	80972601	80994255	80972830	80985880	-	TVP23B	NM_001281867		80972601,80974171,80979100,80980421,80985832,80994011,	80972857,80974300,80979232,80980511,80985977,80994255,	Golgi apparatus membrane protein TVP23 homolog B isoform 3 precursor
chr5	87912542	87915004	87915004	87915004	-	GH1P8	NR_110935		87912542,87913078,87913333,87913661,87914793,	87912844,87913242,87913453,87913822,87915004,	
chr5	87922693	87924313	87922796	87924253	-	GH1P6	NM_001290347		87922693,87923247,87923503,87923831,87924243,	87922994,87923412,87923623,87923992,87924313,	somatotropin-like precursor
chr5	87927751	87929257	87927751	87929195	-	GH1P5	NM_001290352		87927751,87928194,87928452,87928781,87929185,	87927949,87928359,87928572,87928942,87929257,	somatotropin-like precursor
chr5	87946717	87948293	87946819	87948231	-	GH1	NM_001290346		87946717,87947231,87947488,87947816,87948221,	87947017,87947396,87947608,87947977,87948293,	somatotropin precursor
chr5	114007401	114013257	114007540	114012711	-	NME2	NM_001204877		114007401,114009406,114010909,114012585,114013030,	114007658,114009519,114011011,114012715,114013257,	nucleoside diphosphate kinase B
chr5	114017798	114027052	114018027	114024593	-	NME1	NM_001204876		114017798,114018603,114019896,114024467,114026948,	114018145,114018716,114019998,114024597,114027052,	nucleoside diphosphate kinase A
chr5	120142279	120144522	120142559	120144522	-	HSD17B1	NM_001257229		120142279,120142878,120143586,120143843,120144164,120144425,	120142787,120143056,120143680,120144023,120144332,120144522,	estradiol 17-beta-dehydrogenase 1
chr5	159150663	159182961	159150765	159182935	-	MTRF1	NM_001270912		159150663,159153409,159157522,159163777,159170611,159173100,159173399,159174986,159179649,159182868,	159150879,159153508,159157659,159163895,159170784,159173208,159173481,159175078,159180075,159182961,	peptide chain release factor 1, mitochondrial
chr6	7009319	7015922	7009391	7015338	+	SELENOS	NM_001199926		7009319,7010136,7012762,7013429,7013616,7015252,	7009467,7010271,7012869,7013519,7013695,7015922,	selenoprotein S
chr6	31267627	31268656	31268656	31268656	+	LOC110006320	NR_146325		31267627,31268598,31268632,	31268196,31268617,31268656,	
chr6	102473611	102479198	102477716	102478769	-	TMEM185B	NM_001242325		102473611,	102479198,	transmembrane protein 185B
chr6	119205776	119298496	119205776	119298496	+	AOX1	NM_001308444		119205776,119212827,119214940,119218751,119221026,119223950,119224958,119225703,119226391,119227221,119230675,119231016,119233318,119234162,119235278,119237411,119242082,119242553,119245243,119248187,119254992,119257074,119258489,119261619,119263801,119263806,119263812,119263825,119279205,119285001,119287374,119288223,119289842,119291119,119294871,119296435,119297398,119298445,	119205821,119212885,119215037,119218860,119221153,119224012,119225048,119225784,119226536,119227314,119230827,119231110,119233428,119234347,119235441,119237504,119242252,119242680,119245366,119248284,119255117,119257208,119258577,119261732,119263805,119263811,119263824,119263967,119279433,119285097,119287503,119288298,119289895,119291234,119294937,119296624,119297566,119298496,	aldehyde oxidase
chr6	122697620	122728025	122697692	122727883	+	CD28	NM_001257219		122697620,122719685,122722013,122727754,	122697744,122720042,122722138,122728025,	T-cell-specific surface glycoprotein CD28 precursor
chr7	6396888	6455431	6396912	6455406	+	IL2RA	NM_001257218		6396888,6442619,6444255,6447218,6448966,6449414,6451035,6455381,	6396976,6442811,6444366,6447434,6449038,6449486,6451102,6455431,	interleukin-2 receptor subunit alpha precursor
chr7	10743498	10768228	10744035	10768157	-	GTPBP4	NM_001253779		10743498,10745098,10746396,10747696,10749383,10750158,10750706,10752099,10752487,10757391,10757536,10759646,10761505,10761516,10761549,10761589,10762594,10762809,10765560,10768109,	10744188,10745248,10746462,10747894,10749484,10750210,10750784,10752210,10752577,10757457,10757728,10759739,10761515,10761548,10761578,10761606,10762731,10762913,10765731,10768228,	nucleolar GTP-binding protein 1
chr7	38011169	38014075	38011246	38013883	-	TNFRSF18	NM_001267758		38011169,38011441,38011786,38012757,38013714,	38011368,38011644,38011874,38012880,38014075,	tumor necrosis factor receptor superfamily member 18 precursor
chr7	42745504	42746887	42745671	42746793	+	HES3	NM_001270717		42745504,42745656,42745846,42746419,	42745554,42745752,42745928,42746887,	transcription factor HES-3
chr7	46917534	46932713	46917941	46932310	+	APITD1	NM_001204928		46917534,46922128,46922952,46930295,46932169,	46917992,46922252,46922986,46930362,46932713,	centromere protein S
chr7	46942023	46944339	46942514	46943949	+	CORT	NM_001204927		46942023,46943730,	46942613,46944339,	cortistatin precursor
chr7	56891979	56963646	56939826	56962897	+	ALPL	NM_001185034		56891979,56939727,56946229,56946691,56948521,56949423,56953728,56955796,56958719,56961113,56961826,56962631,	56892069,56939887,56946349,56946807,56948696,56949599,56953872,56955866,56958854,56961305,56961946,56963646,	alkaline phosphatase, tissue-nonspecific isozyme precursor
chr7	63777746	63800719	63791386	63800627	+	RCC1	NM_001205208		63777746,63791377,63793968,63794336,63797683,63797892,63798516,63798904,63799377,63800451,	63777821,63791459,63794156,63794516,63797780,63798015,63798672,63799024,63799530,63800719,	regulator of chromosome condensation
chr7	68252234	68288423	68253298	68288204	+	AZIN2	NM_001293699		68252234,68252439,68253246,68255066,68264129,68265273,68267163,68269611,68270964,68286731,68288065,	68252346,68252560,68253403,68255240,68264302,68265408,68267329,68269774,68271077,68286946,68288423,	antizyme inhibitor 2
chr7	90726853	90749493	90726853	90749493	+	PCSK9	NM_001267753		90726853,90731084,90733664,90739389,90739744,90742735,90744004,90744815,90745285,90746258,90747362,90749277,	90727054,90731276,90733788,90739523,90739886,90742932,90744188,90744989,90745434,90746436,90747544,90749493,	proprotein convertase subtilisin/kexin type 9 precursor
chr7	110038172	110047223	110038200	110044370	+	FPGT	NM_001204801		110038172,110039571,110040922,110042928,	110038321,110039739,110041015,110047223,	fucose-1-phosphate guanylyltransferase
chr7	110073088	110388949	110073153	110388502	+	TNNI3K	NM_001204802		110073088,110073797,110085053,110086259,110107078,110186375,110190625,110196315,110196548,110200512,110201201,110214104,110214750,110215764,110215947,110216131,110217014,110286376,110286752,110290509,110308398,110335306,110337809,110385081,110388425,	110073193,110073906,110085139,110086357,110107189,110186474,110190764,110196460,110196653,110200607,110201351,110214191,110214807,110215857,110216005,110216326,110217119,110286429,110286805,110290642,110308508,110335366,110337979,110385161,110388949,	serine/threonine-protein kinase TNNI3K
chr7	148090025	148174885	148090349	148174853	-	TMIGD3	NM_001302787		148090025,148092661,148093493,148095722,148097411,148174746,	148090420,148092762,148093560,148096070,148097518,148174885,	transmembrane and immunoglobulin domain containing 3 isoform a
chr7	148090025	148174885	148090349	148174853	-	TMIGD3	NM_001302788		148090025,148092661,148093493,148095722,148097411,148174809,	148090420,148092762,148093560,148096070,148097518,148174885,	transmembrane and immunoglobulin domain containing 3 isoform b
chr7	148090025	148174885	148090242	148174853	-	TMIGD3	NM_001302789		148090025,148092661,148093493,148095722,148097411,148174746,	148090328,148092762,148093560,148096070,148097518,148174885,	transmembrane and immunoglobulin domain containing 3 isoform c
chr7	148090025	148174885	148090349	148096065	-	TMIGD3	NM_001302790		148090025,148092661,148093493,148095722,148174809,	148090420,148092762,148093560,148096070,148174885,	transmembrane and immunoglobulin domain containing 3 isoform d
chr7	148107138	148111476	148107651	148110728	-	ADORA3	NM_001302791		148107138,148110378,	148108258,148111476,	adenosine receptor A3
chr7	153404828	153418305	153404858	153418209	+	CD2	NM_001257217		153404828,153405053,153410203,153414232,153417889,	153404919,153405374,153410437,153414355,153418305,	T-cell surface antigen CD2 precursor
chr8	33547128	33551556	33547281	33551528	-	IL6	NM_001267771		33547128,33549174,33550028,33551164,33551509,	33547449,33549321,33550142,33551355,33551556,	interleukin-6 precursor
chr8	45757809	45764674	45757809	45764674	+	NDUFA4	NM_001253776		45757809,45758968,45760215,45764617,	45757851,45759057,45760276,45764674,	cytochrome c oxidase subunit NDUFA4
chr8	52998587	53011557	53002556	53011293	-	PEG10	NM_001302557		52998587,53011288,	53004905,53011557,	retrotransposon-derived protein PEG10 isoform 1
chr8	52998587	53011557	53003704	53011293	-	PEG10	NM_001302558		52998587,53011288,	53004905,53011557,	retrotransposon-derived protein PEG10 isoform 2
chr8	96064342	96120788	96064426	96120788	-	SSPOP	NM_001370786		96064342,96065339,96066904,96067434,96067808,96068182,96069193,96069346,96069591,96069888,96070226,96070776,96071040,96071465,96072002,96072248,96072617,96073380,96073855,96074378,96074500,96074930,96075271,96076200,96076563,96077248,96077551,96077897,96078275,96079507,96079955,96080259,96080679,96081109,96081400,96081674,96082272,96083479,96083682,96083998,96084398,96085047,96086551,96086910,96087407,96087734,96088893,96090355,96090817,96092193,96092465,96092675,96092929,96093132,96094039,96094288,96096482,96098128,96098943,96099541,96099772,96100631,96100859,96101387,96102554,96102711,96103438,96103686,96103963,96104199,96104461,96104774,96104963,96105636,96106340,96106784,96107241,96107505,96107695,96108193,96108386,96108616,96109891,96110362,96110877,96111086,96112002,96112445,96112789,96113100,96113801,96115373,96115814,96116136,96116578,96117797,96117964,96118847,96119039,96119526,96119872,96120299,96120738,	96064449,96065490,96067035,96067495,96067904,96068400,96069240,96069489,96069719,96070091,96070365,96070893,96071199,96071744,96072049,96072373,96072748,96073548,96074200,96074425,96074653,96075177,96075403,96076368,96076773,96077404,96077593,96078121,96078406,96079674,96080155,96080356,96080880,96081280,96081592,96081721,96082442,96083559,96083853,96084205,96084451,96085142,96086697,96087042,96087578,96087781,96089146,96090520,96090991,96092285,96092591,96092805,96093052,96093312,96094204,96094459,96096653,96098183,96099016,96099692,96099917,96100759,96101078,96101489,96102609,96102865,96103589,96103869,96104104,96104352,96104693,96104866,96105092,96105873,96106562,96107018,96107411,96107599,96107845,96108303,96108514,96108813,96110026,96110619,96110972,96111276,96112237,96112611,96113017,96113276,96113919,96115518,96116055,96116308,96116731,96117877,96118123,96118947,96119284,96119706,96119955,96120482,96120788,	
chr8	101618643	101619690	101618686	101619622	-	OR6B1	NM_001270932		101618643,	101619690,	olfactory receptor 6B1
chr8	122418163	122419453	122418376	122419288	+	RNF148	NM_001270724		122418163,	122419453,	RING finger protein 148 precursor
chr9	8217355	8236807	8217532	8236024	+	GSG1	NM_001270902		8217355,8229866,8231375,8231758,8232594,8233653,8235681,	8217580,8230185,8231444,8231806,8232747,8233765,8236807,	germ cell-specific gene 1 protein
chr9	10609760	10615061	10609804	10615031	+	KLRC2	NM_001257247		10609760,10610362,10610990,10611582,10613314,10614919,	10609991,10610461,10611035,10611734,10613418,10615061,	NKG2-C type II integral membrane protein
chr9	10639694	10654557	10639738	10654494	+	KLRK1	NM_001257248		10639694,10641308,10648111,10648863,10649637,10654376,	10639778,10641416,10648147,10649015,10649741,10654557,	NKG2-D type II integral membrane protein isoform 2
chr9	10639694	10654557	10639738	10654494	+	KLRK1	NM_001257249		10639694,10641308,10647806,10648111,10648863,10649637,10654376,	10639778,10641416,10647899,10648147,10649015,10649741,10654557,	NKG2-D type II integral membrane protein isoform 1
chr9	19027170	19050991	19027170	19050991	+	CD4	NM_001267772		19027170,19027338,19046096,19046705,19047979,19049085,19050086,19050499,19050960,	19027219,19027503,19046255,19046936,19048327,19049286,19050208,19050567,19050991,	T-cell surface glycoprotein CD4 precursor
chr9	19059869	19071124	19059896	19071124	+	P3H3	NM_001270908		19059869,19061312,19061810,19062101,19062669,19063264,19064811,19064961,19065146,19068738,19069165,19069473,19069683,19070741,19071038,	19060394,19061465,19062015,19062233,19062806,19063354,19064864,19065029,19065271,19068840,19069316,19069591,19069759,19070882,19071124,	prolyl 3-hydroxylase 3 precursor
chr9	48543971	48548240	48543971	48548240	+	IFNG	NM_001257226		48543971,48545322,48545486,48548105,	48544085,48545391,48545669,48548240,	interferon gamma precursor
chr9	104725492	104841699	104725514	104839866	+	TXNRD1	NM_001256419		104725492,104750689,104755730,104781062,104805521,104807709,104810148,104813941,104814473,104817346,104820943,104822244,104822992,104823613,104825907,104829947,104839797,	104725605,104750841,104755791,104781172,104805650,104807782,104810268,104814084,104814589,104817572,104821036,104822321,104823149,104823721,104826003,104830082,104841699,	thioredoxin reductase 1, cytoplasmic
chrUn_NW_023264465v1	12359	33926	12524	33698	+	TVP23B	NM_001281865		12359,19359,20573,26010,27292,32227,33671,	12536,19442,20718,26100,27424,32356,33926,	Golgi apparatus membrane protein TVP23 homolog B isoform 1
chrUn_NW_023264465v1	12534	33926	20670	33698	+	TVP23B	NM_001281866		12534,19359,20573,26010,27292,32227,33671,	12587,19442,20718,26100,27424,32356,33926,	Golgi apparatus membrane protein TVP23 homolog B isoform 2 precursor
chrX	48030481	48046036	48031292	48045520	-	FOXP3	NM_001267740		48030481,48031623,48033100,48033884,48035045,48035345,48036393,48036567,48037067,48037304,48037938,48045404,48045473,	48031442,48031725,48033177,48034035,48035126,48035433,48036498,48036655,48037206,48037409,48038173,48045413,48046036,	forkhead box protein P3
chrX	66781724	66786285	66781941	66786271	-	IL2RG	NM_001301846		66781724,66782507,66782828,66783663,66784564,66785229,66785614,66786159,	66782127,66782577,66782925,66783826,66784704,66785414,66785768,66786285,	cytokine receptor common subunit gamma precursor
chrX	130032903	130044146	130032925	130043979	+	CD40LG	NM_001267755		130032903,130034944,130039088,130041038,130043602,	130033081,130035076,130039146,130041101,130044146,	CD40 ligand
chrY	718327	1179900	718354	1179858	-	DDX3Y	NM_001267761		718327,718639,719132,719571,719765,720182,720431,720983,721228,721556,722358,1172281,1172461,1173897,1176218,1177252,1179813,	718434,718773,719286,719689,719947,720327,720576,721144,721327,721642,722494,1172381,1172617,1174012,1176266,1177313,1179900,	ATP-dependent RNA helicase DDX3Y
chrY	3505560	3527750	3505617	3527599	+	EIF1AY	NM_001267764		3505560,3508507,3512045,3513913,3523256,3524700,3527593,	3505633,3508591,3512149,3513964,3523338,3524792,3527750,	eukaryotic translation initiation factor 1A, Y-chromosomal
chrY	4246048	4268237	4246199	4268180	-	EIF1AY	NM_001267764		4246048,4249006,4250461,4259835,4261650,4265206,4268164,	4246205,4249098,4250543,4259886,4261754,4265290,4268237,	eukaryotic translation initiation factor 1A, Y-chromosomal
chrY	4501362	4515181	4501465	4512986	-	RBMY	NM_001267757		4501362,4502145,4502318,4503288,4504081,4504266,4505242,4507325,4509085,4511610,4512880,4515066,	4501755,4502234,4502429,4503406,4504170,4504377,4505357,4507478,4509263,4511714,4512993,4515181,	RNA-binding motif protein, Y chromosome, family 1 member B-like
chrY	4587102	4601020	4589425	4600917	+	RBMY	NM_001267757		4587102,4589418,4590697,4593146,4594931,4597018,4597998,4598207,4598976,4599953,4600148,4600627,	4587217,4589531,4590801,4593324,4595084,4597133,4598109,4598296,4599094,4600064,4600237,4601020,	RNA-binding motif protein, Y chromosome, family 1 member B-like
chrY	4823134	4837072	4825455	4836969	+	RBMY	NM_001267757		4823134,4825448,4826727,4829176,4830961,4833082,4834062,4834264,4835028,4836005,4836200,4836679,	4823249,4825561,4826831,4829354,4831114,4833197,4834173,4834353,4835146,4836116,4836289,4837072,	RNA-binding motif protein, Y chromosome, family 1 member B-like
chrY	5239884	5253826	5239987	5251509	-	RBMY	NM_001267757		5239884,5240667,5240840,5241810,5242608,5242794,5243770,5245853,5247605,5250130,5251403,5253711,	5240277,5240756,5240951,5241928,5242697,5242905,5243885,5246006,5247783,5250234,5251516,5253826,	RNA-binding motif protein, Y chromosome, family 1 member B-like
chrY	5356909	5370888	5357012	5368505	-	RBMY	NM_001267757		5356909,5357692,5357866,5358836,5359634,5359817,5360793,5362842,5364601,5367126,5368399,5370773,	5357302,5357781,5357977,5358954,5359723,5359928,5360908,5362995,5364779,5367230,5368512,5370888,	RNA-binding motif protein, Y chromosome, family 1 member B-like
chr12	124418772	124427647	124418808	124427528	+	CYP2E1	NM_001267751		124418772,124419835,124422685,124423207,124423724,124424892,124425700,124426375,124427337,	124418985,124419995,124422835,124423368,124423901,124425034,124425888,124426517,124427647,	cytochrome P450 2E1 precursor
